533 441 484 957 827 741 505 960 1201 437 754 1185 501 499 1107 564 867 568 1167 742
437 754 592 589 499 1173 441 1125 505 969 451 498 805 265 1170 980 912 501 481 658
633 1175 1206 439 856 441 961 875 1238 246 956 959 1161 312 553 401 765 536 269 680
604 711 1039 876 374 536 439 928 1170 347 265 1030 975 1173 568 820 441 497 278 498
776 501 499 711 895 1156 568 754 1175 439 496 441 559 437 690 975 867 658 1145 875
593 976 533 980 805 496 441 1120 802 546 1167 1149 1164 451 1180 497 374 347 498 592
441 856 1238 633 439 437 1175 496 256 501 875 710 497 711 805 961 754 969 755 867
437 1207 1019 439 956 425 567 589 375 1157 624 1202 1170 969 358 853 961 655 726 904
205 690 870 414 355 545 794 1115 720 853 1107 1106 362 562 266 878 658 676 549 443
676 1115 1218 878 1106 1066 1107 451 767 581 551 538 1239 794 693 1171 265 987 912 1108
798 991 796 649 909 834 799 1064 659 596 396 908 1119 319 518 835 900 712 775 661
466 430 501 765 693 441 960 322 288 602 205 538 895 794 1016 969 562 1192 437 292
314 392 301 1076 278 1192 867 522 776 559 333 322 822 658 875 398 690 693 770 1158
815 899 1117 798 946 584 314 462 1002 930 1014 928 596 697 1076 755 852 643 392 860
301 398 559 322 690 1192 297 501 822 392 475 776 870 266 1216 658 499 314 997 1083
1119 301 596 991 659 798 649 788 909 333 875 322 473 772 1226 801 396 690 1002 908
693 1107 852 506 688 392 596 823 357 1101 650 1200 628 314 755 936 962 810 767 540
540 1016 1168 993 424 693 767 596 1213 758 688 676 1107 810 1115 438 658 538 660 816
314 392 693 205 648 559 1107 1234 301 322 852 936 297 755 398 424 798 596 394 1206
540 1168 538 758 1066 962 1215 292 924 278 283 287 288 693 208 1050 662 1213 596 205