0.5490396778473451	0.29061239305499403	0.22517402949082854	0.2108797290226612	0.20008013200612432	0.19074330215432156	0.19074330215432156	0.19074330215432156	0.24816275757477044	0.24816275757477044	0.24816275757477044	0.24816275757477044	0.24816275757477044	0.29698503643989244	0.29698503643989244	0.34365048871736775	0.34365048871736775	0.34365048871736775	0.6525873996899806	1.0	
0.0	0.0	0.0	0.0	0.0	0.0	0.0	0.0	0.29614410231487964	0.29614410231487964	0.29614410231487964	0.29614410231487964	0.29614410231487964	0.29614410231487964	0.29614410231487964	0.5368238226751177	0.5368238226751177	1.0000000000000002	1.0000000000000002	1.0000000000000002	
0.0	0.0	0.0	0.0	0.0	0.0	0.0	0.07243966638170676	0.07243966638170676	0.07243966638170676	0.13649286345512665	0.13649286345512665	0.13649286345512665	0.13649286345512665	0.13649286345512665	0.473565005971686	0.5286327372810231	0.5286327372810231	0.5817637252377991	1.0	
0.0	0.0	0.0	0.0	0.0	0.0	0.0	0.0	0.0	0.0	0.0	0.0	0.0	0.0	0.0	0.0	0.3579618311781304	0.3579618311781304	0.6601625416117054	0.9999999999999999	
1.0	0.77510991507766	0.6373150981212484	0.6240159774106845	0.7147244893094422	0.662896668779271	0.6415470620784529	0.6289412158100542	0.6289087710465836	0.6918758000390539	0.7928436217547941	0.8344566247297927	0.8240361836326018	0.8264437327040784	0.8292456385179968	0.887556314191997	0.910419336427	0.9889705374623133	0.9999999999999998	0.9999999999999998	
1.0	0.8865413177040855	0.7998053059767641	0.7330629071141468	0.7330629071141468	0.7330629071141468	0.7330629071141468	0.7330629071141468	0.7330629071141468	0.7330629071141468	0.7330629071141468	0.7330629071141468	0.7330629071141468	0.8268795739972861	0.8268795739972861	0.9165516928134054	0.9165516928134054	0.9165516928134054	0.9165516928134054	1.0	
0.0	0.0	0.0	0.0	0.0	0.0	0.0	0.0	0.0	0.0	0.0	0.22274080261010917	0.22274080261010917	0.22274080261010917	0.22274080261010917	0.42439129946867904	0.5232226828321666	0.5232226828321666	1.0	1.0	
0.0	0.0	0.0	0.0	0.0	0.0	0.0	0.0	0.0	0.0	0.0	0.0	0.0	0.0	0.0	0.0	1.0	1.0	1.0	1.0	
0.521240625180289	0.3398664926904494	0.25365698339690407	0.21140395656038952	0.19818677674604052	0.19818677674604052	0.19818677674604052	0.2607077438527909	0.2607077438527909	0.2607077438527909	0.2607077438527909	0.2607077438527909	0.4168687381413938	0.6197787218187554	0.6197787218187554	0.6197787218187554	1.0	1.0	1.0	1.0	
0.0	0.0	0.0	0.0	0.0	0.0	0.0	0.09738747374044703	0.09738747374044703	0.09738747374044703	0.32702147987955277	0.32702147987955277	0.32702147987955277	0.32702147987955277	0.32702147987955277	0.32702147987955277	0.4997645479293459	0.6693356237085439	0.8360032827884796	1.0	
0.0	0.0	0.0	0.0	0.04441467707072893	0.19915428388611886	0.19247940975122604	0.21899161032402029	0.24321633098479	0.23713666183473703	0.23170997268404733	0.25749758624271973	0.25749758624271973	0.28192251115765	0.28192251115765	0.46868973210568377	0.4915739589000695	0.6712860827940638	0.8479211537226503	0.9999999999999998	
0.0	0.0	0.0	0.0	0.0	0.0	0.0	0.0	0.0	0.0	0.0	0.0	0.0	0.0	0.0	0.0	0.0	0.0	0.0	1.0	
0.0	0.0	0.0	0.0	0.0	0.0	0.0	0.062078965777939456	0.358270906214634	0.358270906214634	0.358270906214634	0.358270906214634	0.40995656980830375	0.40995656980830375	0.40995656980830375	0.40995656980830375	0.40995656980830375	0.6415820684313341	0.6415820684313341	0.9999999999999998	
0.0	0.0	0.0	0.3846894834744112	0.33228650728046905	0.31532089212543296	0.3015233271751242	0.2949171759246632	0.2949171759246632	0.2949171759246632	0.34267056778765786	0.34267056778765786	0.5000447630373513	0.5219540173307153	0.564752547108485	0.564752547108485	0.564752547108485	0.6856544117725785	0.8440967693060999	1.0000000000000002	
0.0	0.0	0.0	0.0	0.0	0.0	0.21382694429189467	0.4013008767500031	0.3935133649881467	0.3935133649881467	0.3935133649881467	0.4344900214578702	0.4344900214578702	0.4538956899052573	0.6055273370224451	0.7168176310309436	0.8440886885983083	0.8440886885983083	0.8791729481667544	1.0	
0.0	0.4478784556274531	0.31453026228804265	0.24485065847652862	0.22836968556876364	0.22067339566851366	0.4927082178118221	0.4927082178118221	0.4927082178118221	0.5264092315040819	0.591451112596941	0.591451112596941	0.591451112596941	0.8003395998628131	0.8003395998628131	0.9999999999999998	0.9999999999999998	0.9999999999999998	0.9999999999999998	0.9999999999999998	
0.0	0.0	0.45010210018916597	0.3872913177638747	0.375661187231138	0.375661187231138	0.375661187231138	0.375661187231138	0.375661187231138	0.375661187231138	0.6201666095415979	0.7555239241113559	0.7555239241113559	0.7555239241113559	0.7555239241113559	0.9699705880320627	1.0	1.0	1.0	1.0	
0.7924812503605781	1.0	0.7096313991057037	0.77140637019191	0.6530260263229084	0.5676386091495085	0.5676386091495085	0.5676386091495085	0.5676386091495085	0.5676386091495085	0.5676386091495085	0.5676386091495085	0.5676386091495085	0.5676386091495085	0.5676386091495085	0.7010330752387758	0.8317896051954815	0.8317896051954815	1.0000000000000002	1.0000000000000002	
0.0	0.0	0.0	0.0	0.0	0.14021098081406888	0.14021098081406888	0.14021098081406888	0.258703005888515	0.258703005888515	0.258703005888515	0.258703005888515	0.258703005888515	0.258703005888515	0.258703005888515	0.258703005888515	0.258703005888515	1.0	1.0	1.0	
0.0	0.0	0.46214161615001087	0.3737263030250834	0.31488575793157414	0.44292981294531625	0.3916737128226938	0.3865695546326424	0.426126241922052	0.4204607821202794	0.4530130876486977	0.514712800048944	0.5391192101771225	0.60296832299596	0.6634125719905635	0.7350495508781519	0.805269875982602	0.8655844181431739	0.9333350800777946	1.0	