789 441 1180 741 11 497 950 499 957 311 439 392 461 302 593 52 568 827 437 533 
590 80 95 1135 1211 733 107 1238 41 1125 666 114 1137 407 754 1197 137 980 592 498 
462 553 1197 500 645 311 150 497 137 2 505 805 1064 32 959 619 1196 1206 356 633 
439 402 867 856 126 497 568 498 461 711 1197 876 536 924 1030 725 357 820 1039 604 
498 478 1145 166 552 499 623 210 592 266 204 1057 827 151 1064 711 501 754 299 496 
950 805 1038 496 1228 1229 546 27 1095 976 439 441 67 511 497 31 592 47 533 593 
500 856 463 958 441 975 503 151 633 805 1238 498 496 497 307 1196 118 1064 769 256 
769 376 243 32 1030 384 265 57 834 35 289 381 417 210 554 100 437 166 439 531 
362 708 355 796 157 974 581 165 1106 870 91 174 59 426 408 63 414 690 99 720 
728 774 1087 195 670 1069 987 406 369 1080 945 135 1234 1218 337 376 81 799 1066 897 
10 1002 812 319 775 186 396 712 1064 96 900 772 649 834 909 908 799 798 991 796 
755 14 70 896 1051 430 649 186 428 381 1221 255 289 443 32 500 872 46 466 834 
921 652 944 635 919 1186 1158 791 344 1076 601 920 156 1124 770 682 1008 182 496 10 
643 1186 896 370 1002 462 211 882 843 1164 174 323 422 791 1117 697 798 584 1214 204 
978 422 96 370 763 99 359 301 549 64 601 174 59 266 603 398 642 443 1062 770 
900 3 772 649 875 801 1099 788 234 443 301 198 834 473 333 798 1226 908 799 991 
823 673 424 506 1213 1115 543 185 89 327 362 1107 830 696 888 603 455 810 816 650 
82 156 227 1012 993 153 900 1158 185 924 1215 816 313 656 291 540 688 1168 992 1016 
645 1012 238 370 49 443 510 51 733 1101 816 559 17 936 64 852 823 648 770 1234 
286 1050 662 126 962 919 208 283 220 287 292 970 1168 1239 758 1066 924 540 207 1215 
